FlexiForce MicroView Demo - Recorded Data
Calibration Type = <none> (Raw Output)
Slope =  1
Intercept =  0
Calibration Units = Raw
Recorded Data:
0
0
10
0
0
0
0
0
14
22
0
0
0
0
58
44
43
31
8
0
0
0
0
22
0
23
53
37
34
50
22
0
0
0
7
8
32
18
27
51
37
46
51
65
58
28
0
0
26
0
0
0
41
25
44
48
64
77
114
90
108
103
111
130
142
142
137
183
141
76
66
10
0
0
0
0
0
0
0
8
0
54
108
62
105
107
107
115
111
92
72
79
86
80
93
120
99
102
109
92
89
105
86
118
118
127
111
143
124
115
114
198
84
106
99
88
78
89
82
80
83
79
88
77
103
100
93
88
95
80
77
68
18
166
32
94
32
63
55
11
32
59
96
56
75
71
106
48
37
64
17
59
3
34
0
42
40
47
39
45
53
46
49
40
40
47
49
44
37
18
63
89
59
61
54
151
98
57
60
23
107
121
52
60
86
77
76
123
126
116
124
120
123
111
105
103
107
104
103
83
92
90
102
91
83
107
82
97
91
80
80
75
70
55
83
61
74
0
32
30
37
0
16
0
43
31
62
11
43
55
45
51
59
46
47
48
47
40
61
60
49
62
58
45
80
57
74
73
67
57
55
80
56
69
61
75
67
75
70
47
84
75
31
59
53
44
5
0
0
6
4
40
86
104
79
104
102
130
126
189
146
125
140
117
135
180
101
87
80
37
53
35
55
16
20
41
0
0
0
23
38
18
39
54
64
45
75
0
2
27
17
55
56
39
36
53
52
65
72
61
61
64
87
63
56
2
49
43
0
38
0
55
0
0
0
0
23
0
0
0
0
0
0
5
9
32
45
37
81
0
28
0
0
33
9
5
11
20
10
46
58
60
64
60
64
84
62
70
77
76
86
84
92
85
110
88
74
78
61
67
105
73
101
102
70
119
110
107
105
142
120
106
119
107
112
112
112
116
109
146
189
115
116
104
105
109
130
119
107
98
88
93
94
106
69
81
76
90
92
78
86
72
65
71
62
80
47
91
109
96
97
47
48
52
0
0
15
9
0
0
0
0
24
17
45
73
85
97
46
37
41
0
0
74
87
40
92
42
31
0
0
35
5
0
0
0
36
49
45
67
95
123
128
133
116
56
41
92
102
114
95
106
117
96
79
56
134
144
143
139
130
169
123
40
108
104
112
97
95
97
19
100
97
154
114
124
130
119
105
99
93
89
83
93
65
88
81
84
88
88
95
97
88
81
100
90
98
99
85
102
96
89
95
86
87
149
14
71
94
84
80
75
83
79
80
61
60
89
108
44
30
0
55
53
1
47
49
44
66
49
53
63
50
50
64
50
65
52
44
46
53
16
0
7
15
3
0
0
0
0
0
0
0
23
58
60
62
72
96
101
99
76
105
96
101
111
99
119
95
108
